7
1.953 1.535 -3.220 0.826 1.592 0.042 0.570
1.535 -0.893 0.783 2.583 -0.117 -1.178 1.240
-3.220 0.783 1 3.216 -1.908 0.305 0.342
0.826 2.583 3.216 1 2.132 3.130 -2.218
1.592 -0.117 -1.908 2.132 2.530 -0.316 0.368
0.042 -1.178 0.305 3.130 -0.316 -2.476 -0.374
0.570 1.240 0.342 -2.218 0.368 -0.374 1.916